0x498Dd5A79ab7e19Be1dA81738239214F807E3462,5612.166390312745,5610.166390312745,2,0.6610169492,3709.7371057273067,3708.415071828907,1.3220338984
0x7236C751AeAC3D1f1F45811D995f8334853ed23f,2798.202073393666,2776.337290771551,21.864782622115044,0.6610169492,1849.6589977997955,1835.206005896004,14.452991903791663
0x9b5d18e45a57F21c3C143B166FC0bF44133c86E3,335.919836068447,315.05833861877704,20.861497449669947,0.6610169492,222.04870521372897,208.25890181380453,13.78980339992441
0x9D6d4F946319ABd76F3249FAe0631eb123C743AF,532.550667686139,522.6544646550358,9.896203031103278,0.6610169492,352.02501764831464,345.483459712031,6.541557936283682
0x1B9C3153eBB2AB736fdDD93d916E3E6dcAE4B0b6,55.85684761370791,0,55.85684761370791,0.6610169492,36.9223230015425,0,36.9223230015425
0x611DD52C2244E675b80fCFA0845f12D72845ee11,25.987299841334753,0,25.987299841334753,0.6610169492,17.178045659064743,0,17.178045659064743
0xaCDcb6f462ffb4a3eE5194E00cEf1F3Dd882431d,230.77320936093017,0,230.77320936093017,0.6610169492,152.54500280885495,0,152.54500280885495
0x8979BB88c64Af25B2351aDfe50B70255F560eE8c,4623.33625455337,4611.564737365192,11.771517188177926,0.6610169492,3056.1036261106233,3048.322453731438,7.781172379184735
0x9Ba90A89382b59C2E93f123452719d016483B590,43433.60449218354,41945.445297210295,1488.1591949732406,0.6610169492,28710.34873418258,27726.650283197436,983.6984509851394
0x8562C682c84Ec4F953d2A3E0735B7e1636Ef685c,9031.46096805594,8024.667211946536,1006.7937561094049,0.6610169492,5969.948775923216,5304.441038786169,665.5077371370477
0x0A1Dd0Ab319a8C31aFB92094180BeF3a16eee021,222.6142289269635,0,222.6142289269635,0.6610169492,147.1517784538118,0,147.1517784538118
0x08EeBf55FB10386415BBFFB9122aE337520a3548,6316.220586359117,5516.9348836170175,799.2857027420994,0.6610169492,4175.128862469339,3646.7874657035777,528.3413967657606
0x4b8c818F234e6bFf9f85fdC24CCecBf42Bb40319,761.7949279920857,0,761.7949279920857,0.6610169492,503.55935921736216,0,503.55935921736216
0x7e54F999b3152c2A1E518840201f5D9816e4b843,84.3541376042101,0,84.3541376042101,0.6610169492,55.759514691531955,0,55.759514691531955
0xbE93d14C5dEFb8F41aF8FB092F58e3C71C712b85,1776.598001794421,1501.0773778532384,275.52062394118263,0.6610169492,1174.3613911009643,992.2375888216833,182.12380227928102
0xb13B9E1C8C15F789795b4a3cdfbb172e37673208,3756.491880570434,0,3756.491880570434,0.6610169492,2483.104802589239,0,2483.104802589239
0x67684a8c6D66e63dE692Add5D3C0712a263f0C9F,317.68340069937295,128.27423182830142,189.40916887107156,0.6610169492,209.99411234178066,84.79144138411735,125.20267095766333
0x03e0F50024A4Bb277E06dD8DF3A9172Ccc214A59,14473.613353967932,0,14473.613353967932,0.6610169492,9567.303743140263,0,9567.303743140263
0x8e90681c55B503dE6a64b202Cf1454cbb1B1d8Bc,845.7854090856504,0,845.7854090856504,0.6610169492,559.0784907916706,0,559.0784907916706
0x2Af893C67E698C1F420bC4e4a44E4aCe60aE7025,182.14913407785951,0,182.14913407785951,0.6610169492,120.40366490756846,0,120.40366490756846
0xF2E7CE54083756627f86CB7b691489fAfA78476f,668.0488599017098,0,668.0488599017098,0.6610169492,441.59161928876637,0,441.59161928876637
0x62CAf99080c8E3Eda2D73A3E95CF8A80F849F725,1973.6607784499204,0,1973.6607784499204,0.6610169492,1304.6232265266635,0,1304.6232265266635
0xC084b91C909414DFE105D4c4D4189bECc0D2A284,135,0,135,0.6610169492,89.237288142,0,89.237288142
0x4E96754DA125F39AC7d43D9373235Ca87Cd549d2,149.8948521384996,0,149.8948521384996,0.6610169492,99.0830378613761,0,99.0830378613761
0xe311Db79DD453Cd2a4C7383e950939DAdC1400A9,3.7932554927901747,0,3.7932554927901747,0.6610169492,2.507406173380304,0,2.507406173380304
0xac376Da974F03f18E759639fEcD0A1A6090F9542,650.5128586418421,499.5018396343917,151.0110190074503,0.6610169492,430.0000252348013,330.17918215491324,99.82084307988801
0x9e953C2239b59AfC69E21B2cb445e14795Db5A93,7.6880419455393385,0,7.6880419455393385,0.6610169492,5.081926032162046,0,5.081926032162046
0xA938a05dFBD9a5DED3DBB6f92c5D6f0C89341657,713.6567189921453,707.9607908654663,5.695928126679108,0.6610169492,471.7391871642696,467.97408213110975,3.7651050331598954
0xE6D860d6B04A00D55AEda46fB402a3d9A2Bce20c,1293.6290413155573,60.88358632898167,1232.7454549865756,0.6610169492,855.1107222869304,40.24508249153829,814.8656397953921
0x02A17d40E829ba68C49e0a69247717a0603f4d47,66.46663275970528,0,66.46663275970528,0.6610169492,43.93557081041716,0,43.93557081041716
0xA17BA7C5a9c3DFDEa4305856260ebA205D448D52,85.83072138835892,0,85.83072138835892,0.6610169492,56.735561599768204,0,56.735561599768204
0x99F1fCc63287558340EFAfEB6b22CcB6C46eae30,104.27598253579043,0,104.27598253579043,0.6610169492,68.92819185064067,0,68.92819185064067
0x89Bc67aC85DbAD2BC95f194DE2E01fb05e628349,591.1994804552005,0,591.1994804552005,0.6610169492,390.79287693912164,0,390.79287693912164
0x7a0373a8789562dD3923D3c212e249E5E88723cF,1996.0314921217603,1386.0314921217603,610,0.6610169492,1319.4106474294497,916.1903084174497,403.220339012
0xa78f2c13FCB8b6999Ab10F160c10C4Fd2d18384F,2497.387363267369,0,2497.387363267369,0.6610169492,1650.8153758376284,0,1650.8153758376284
0x908d544c866104a22a4818a052cfa423Aa335BF9,960.2262157659869,0,960.2262157659869,0.6610169492,634.7258036874936,0,634.7258036874936
0x2F87423B6a9193c9ddc5070DadbD3ac7f05Bcc31,63.209093739181796,0,63.209093739181796,0.6610169492,41.78228230517077,0,41.78228230517077
0xF473dBEfC340bfC174aF3865fB2248fc071Cb3C8,1473.072976026421,1472.072976026421,1,0.6610169492,973.7262045619495,973.0651876127495,0.6610169492
0x19d2eF4966b2880E9224d576b2B8f6ddc15F59A4,32.09625636275467,0,32.09625636275467,0.6610169492,21.21616946164918,0,21.21616946164918
0xB0848EE9F1C0E3c3114e7214881089eFf6690C53,471.7094138070507,423.31134989805963,48.398063908991055,0.6610169492,311.807917623657,279.8159770713491,31.99194055230789
0x3b2eFe092ba48FEa5efdb91DE890AE1A8245A7f0,8.3989285691729,0.8638837917286858,7.535044777444215,0.6610169492,5.551834139343391,0.571041828471824,4.980792310871568
0xCFE8a0410Bc17B061005e4f1951C675e17f594f8,1682.6137402659654,1369.386029517785,313.22771074818047,0.6610169492,1112.2362012726096,905.1873755089473,207.0488257636623
0x72355E1377e4C7E4516acA780F2CEc1C6d3820a9,48.69690902670128,46.584034400135124,2.112874626566155,0.6610169492,32.189482240300016,30.79283630060517,1.3966459396948492
0x4618F344F19DBaB977d5919d3e3a3256274d043d,401.0714658503166,203.62703911668,197.44442673363656,0.6610169492,265.11503676754825,134.6009241715369,130.51411259601136
0x4DDF076601774471c9c2DBdcf02A361a3451f11F,21.461118332197803,0,21.461118332197803,0.6610169492,14.186162966369583,0,14.186162966369583
0xfB7e876cDB3cdacd76C56Af9CFC0C5F105048a68,99.10659591863944,0,99.10659591863944,0.6610169492,65.51113967973622,0,65.51113967973622
0x64d50eCD91e6FC9a549C95226D616D4BaF614D20,539.1538343779093,361.7637130071397,177.3901213707697,0.6610169492,356.3898227499677,239.13194590324383,117.2578768467239
0x66CA9a34133F3D5dB720a64Cef2Af66C1Ef53428,18.43204159972979,0,18.43204159972979,0.6610169492,12.183891905780872,0,12.183891905780872
0xEE6619E5A1891dD84eb988fF647646d2cbC313A3,366.56441754408445,352.0120230674496,14.552394476634882,0.6610169492,242.30529297026564,232.68591356976555,9.61937940050012
0x67bD7C336eb202239423CD1639AE8A508F6084Ee,3403.7124748440583,3121.0486896075063,282.6637852365521,0.6610169492,2249.911636075401,2063.0660831090113,186.84555296638965
0x2D2E638299BC57B90a93a46c10de2d6CF0c90690,1396.5232271627233,196.52322716272323,1200,0.6610169492,923.1255231060419,129.90518406604187,793.22033904
0x0089D65b21ee0d8915da224b2c17132502184b97,132.05793489380025,124.87814096874425,7.179793925055995,0.6610169492,87.29253324115207,82.54656776492685,4.745965476225207
0x581c7445d443dc7Df995D2502873Da3f436C09b4,328.78852207053313,0,328.78852207053313,0.6610169492,217.33478579104067,0,217.33478579104067
0x120f5C9cEE73bC3283a506005EBE966a709D7Fb9,308.34375137911326,0,308.34375137911326,0.6610169492,203.82044584150472,0,203.82044584150472
0x79D860858361577A4F2a33D83AAC2299b6d77025,8425.932815177493,8125.462952187253,300.4698629902402,0.6610169492,5569.684403652794,5371.0687314924435,198.61567216035056
0x29B355B95369C04C3A4531462672835B5de176CA,63.68707999379034,62.03390086260331,1.6531791311870279,0.6610169492,42.09823932095164,41.00545989517329,1.0927794257783556
0xbE0dDfF9B3C98fDBF8f80C65F3462221537E774E,228.8206865355028,0,228.8206865355028,0.6610169492,151.25435212754758,0,151.25435212754758
0x333368262cf7976254C6daa9Ffa740F53d17DbD4,50.75248581958225,11.450184223877805,39.30230159570444,0.6610169492,33.54825334077652,7.568765843445677,25.97948749733084
0x72f08E7b20bc5f91b8C08dC3EB7374C5FF34f9cE,305.39239235941255,0,305.39239235941255,0.6610169492,201.86954750630827,0,201.86954750630827
0x85CA40b9A4f2b26755C41a4770C79b0996cA94AE,339.23829368568386,188.40835719419553,150.82993649148835,0.6610169492,224.24226194392435,124.54111747629099,99.70114446763338
0xD23288cfb234C124730011E011Ca52c9b23511C6,1331.086209972107,1074.8076514040758,256.27855856803126,0.6610169492,879.8705456379528,710.4660747079392,169.40447093001353
0xfc25bd8d2Bcc7135e797A47dE99755d8d1FA2F09,166.83581531043276,0,166.83581531043276,0.6610169492,110.28130165379692,0,110.28130165379692
0x7d91726d37fa9caf6baFDF4a03F3C55642e866b2,447.1141509862609,0,447.1141509862609,0.6610169492,295.5500320290863,0,295.5500320290863
0x2f5fc18e49607Fe9E35285aA575029a71A4372c3,293.6503602676033,0,293.6503602676033,0.6610169492,194.107865275572,0,194.107865275572
0xD92F143A1a057b302Caa00b11E7029DbD88Bb5b6,91.82754402117475,6.074900335222029,85.75264368595272,0.6610169492,60.69956300140563,4.015612086282523,56.683950915123106
0x2Bf98dbF38546EBCC7e5e4B8ACa7572A567Bd13e,327.49010838912886,64.08219646752711,263.40791192160174,0.6610169492,216.47651234055928,42.35941800699979,174.1170943335595
0xBbbB916bb8Adc7635C0d01BF14a917DBA4a8f438,10.93472748395087,0,10.93472748395087,0.6610169492,7.228040201774595,0,7.228040201774595
0x46F8fbea35E9E2Ae619a93a0cF5269b59f551278,203.7045173800765,68.28213045069562,135.42238692938088,0.6610169492,134.65213861683654,45.135645555395236,89.5164930614413
0xb1422D8fc234593EBf2446Ece3010eC9C106Aaf8,7.517217284481476,0,7.517217284481476,0.6610169492,4.969008035861454,0,4.969008035861454
0xbd9d5f836CBc585Ef0caee2270C2d0A33d9b65b2,204.91922259429083,187.28457325487202,17.634649339418786,0.6610169492,135.45507935171383,123.79827724515941,11.656802106554402
0xA9264e0c7026D9bE9a2B65638CE8730F3C0d7AD2,3681.252534620054,951.4108104118613,2729.8417242081928,0.6610169492,2433.3703196693154,628.8986713343481,1804.4716483349673
0xfC559335902d9979f552e74B60253d25DDa1b2Fa,16.095468399725036,11.345901799247018,4.749566600478016,0.6610169492,10.639377417531248,7.499833393261055,3.1395440242701937
0xAE30f9B73318F42F5e01e597B97C902f4f556Df4,87.40703504087668,0,87.40703504087668,0.6610169492,57.777531641337795,0,57.777531641337795
0x54019E9ecaBC581E0acf08B1228B94A395Ba457b,75.02494122063254,44.09027914191793,30.934662078714606,0.6610169492,49.592757759571846,29.144421807766985,20.448335951804857
0x2e27B62406559ce0d18Ce5897A5C12be6bC19bDf,17.940848354559048,0,17.940848354559048,0.6610169492,11.859204845390462,0,11.859204845390462
0xDF21A9178AbD3b7F34EF3589502e821F307e3561,128.1098077945363,0,128.1098077945363,0.6610169492,84.68275431094276,0,84.68275431094276
0xeF307aF9b853fB57E4AfE10E0c7a0Ba9eeC67b32,1488.1964778585414,1403.5864778585415,84.61,0.6610169492,983.7230956042383,927.7944515324264,55.928644071811995
0xEA7b634B09c4Bf35EB5f12EDe6e32d1e249aadEb,37.791211461572466,0,37.791211461572466,0.6610169492,24.980631306900705,0,24.980631306900705
0x687637f12c74eB7006B29bB28Af3D77f0F92a41A,69.1677580218164,0,69.1677580218164,0.6610169492,45.7210603905849,0,45.7210603905849
0x279ebAD6373e9d9A16f12Bf6e1142130bE4B6dEd,1.0254430122254932,0,1.0254430122254932,0.6610169492,0.6778352115197538,0,0.6778352115197538
0x28219008Ba72dC7003CcEb783D4588e8b0A8b27A,16.933396334723984,0,16.933396334723984,0.6610169492,11.19326198477371,0,11.19326198477371
0x826FFaeb446EF72690AD3f8Ffdfe9109e02eEeBB,2130.4583773285867,1600.8955347352512,529.5628425933354,0.6610169492,1408.2690969793248,1058.2190823585984,350.05001462072636
0x9952814d76a916725A3B3eb4d7154a2826103640,132.7591031613987,126.91452054474524,5.8445826166534705,0.6610169492,87.75601735027585,83.89264917966823,3.86336817060763
0x455E186103Be1500c48A2A9087930C78b9CD19Dc,317.37979872326156,0,317.37979872326156,0.6610169492,209.79342628976042,0,209.79342628976042
0x46676183529DE18C6d418FD015e24b9Ce380473b,1235.9103850698884,926.1907022011767,309.71968286871174,0.6610169492,816.9577122234948,612.2277523464276,204.72995987706733
0x8CB406FfC2a4711bd44e54E7a918A2991c7E8e0B,735.4876755186609,695.9166763890258,39.57099912963511,0.6610169492,486.16981944554476,460.0127183240775,26.157101121467257
0xcC90c10D54368321E4f022D13334490c52FB6121,112.1256195228988,29.437484852657214,82.68813467024158,0.6610169492,74.11693494418653,19.45867642942468,54.65825851476183
0x31dA8769c92f14ceAeb74FcBA0808E9297195118,3,1.5,1.5,0.6610169492,1.9830508476,0.9915254238,0.9915254238
0x93C8C5E46c92D3a5001B54d01BeC369262773a1f,1095.1459599284824,744.0555333199682,351.09042660851424,0.6610169492,723.9100413606309,491.8333186705443,232.07672269008657
0x2dF4450F08A8E54FdCcd5738D39AFD45Ed577EEc,715.4449797189332,657.3376144219228,58.10736529701038,0.6610169492,472.92125781426506,434.5113044795853,38.409953334679756
0x023513C05bEe249009129bF494818072b839F2d0,8.197295578838213,0,8.197295578838213,0.6610169492,5.418551315214284,0,5.418551315214284
0x769a1d4f4Ca865e5f73C15E90F7cAc54B16dA2B7,52.12084564704077,0,52.12084564704077,0.6610169492,34.452762379330984,0,34.452762379330984
0x46A97702Dd79c4B7e3DEcD3851aF38625934092e,16.57692796544329,0,16.57692796544329,0.6610169492,10.957630350825486,0,10.957630350825486
0xCC0561ba1Db49978618AED16dB43D3f5F8FBdF62,3542.354466310006,0,3542.354466310006,0.6610169492,2341.5563423052345,0,2341.5563423052345
0x0EA21bB13D404a1a8679e7f181177E94f4688496,784.5139286264903,0,784.5139286264903,0.6610169492,518.5770037055892,0,518.5770037055892
0xCD22eC2C0c12D061246555Ea61c3726F291686Fd,2975.6082041129316,1736.4617399281983,1239.146464184733,0.6610169492,1966.927457097221,1147.8306417298616,819.0968153673593
0x72b685215938BbA28C23c1B7D8214aA6D1716454,890.6986989371087,12.39366085975361,878.3050380773551,0.6610169492,588.7669366278169,8.19241989093378,580.5745167368831
0xe2862aE361eC309966bCDC67A75AE5923C830969,821.8317564681341,734.8871834199302,86.9445730482039,0.6610169492,543.2447204162434,485.7728839904231,57.47183642582029
0xC167b6c615ccABf9465C8Ad1f0B3b5854C555673,93.92940972758295,0,93.92940972758295,0.6610169492,62.088931858283686,0,62.088931858283686
0x666D0231107CA54d4f20Cfe60227fe1Bc7a84E32,0.1694283306136569,0,0.1694283306136569,0.6610169492,0.11199499821028844,0,0.11199499821028844
0xC079aBF490E72509F17ABCD93dD99a5D1bCBcD30,162.52071724699434,0,162.52071724699434,0.6610169492,107.42894869640402,0,107.42894869640402
0x3560580BBe7411a963B859f5017320790901a4Fb,950.0868536397046,659.601515781935,290.48533785776954,0.6610169492,628.0235134679444,436.00778164987025,192.01573181807407
0xFB8e9f1725852fD35dE85E4b64224E310C93065A,1002.0220193284357,0,1002.0220193284357,0.6610169492,662.353538247706,0,662.353538247706
0xB3b121860287839E42aEDde8f211e8392E81f0A2,148.10318159685295,0,148.10318159685295,0.6610169492,97.89871326596531,0,97.89871326596531
0x2884885673769543B0bB4BbB11959B01E504Ab4C,40.24040439780936,0,40.24040439780936,0.6610169492,26.599589349614202,0,26.599589349614202
0xAa91744c78CbE697d2D474909A18e4a8B6f602ab,101.85224787372138,0,101.85224787372138,0.6610169492,67.32606215864949,0,67.32606215864949
0x92244B4E211a02EbCEAD59ef12e0AF4Ed9BA4764,45.58939752599956,0,45.58939752599956,0.6610169492,30.135364468502257,0,30.135364468502257
0x992a63544D9D0bD5e9Fc3A3CA29f9d7afe2214Ac,327.05132871069287,0,327.05132871069287,0.6610169492,216.18647153614856,0,216.18647153614856
0xAA7AaDed221fc537590f395184399D337B1f6fB4,262.1280647118196,197.80847717854797,64.31958753327163,0.6610169492,173.27109363550716,130.7547561104616,42.516337525045564
0x5Ab3a4c2581bE19F025a2EB9208839507c46E5bF,16.28097371216823,0,16.28097371216823,0.6610169492,10.761999573222841,0,10.761999573222841
0xAB90833397Cb07287059A887e1335c108a78f0df,373.63974362073725,0,373.63974362073725,0.6610169492,246.9822034280499,0,246.9822034280499
0x0C9417451159B37175BEf8F68a48aB1a9Bb5A62B,356.2777132419765,70.00783676663325,286.2698764753433,0.6610169492,235.50560707516377,46.2763666795715,189.22924039559229
0xd8D930B7E563189e0A6A9EA259Ce8a11109EF133,82.28085525389041,0,82.28085525389041,0.6610169492,54.38903991749343,0,54.38903991749343
0xd9faD3926E2eF16c93AdB4F02E74dd25BBF662b2,16.217846241479993,0,16.217846241479993,0.6610169492,10.720271245137791,0,10.720271245137791
0xBA610c1E291d094c808b47F2e44C13d9d79026A9,17903.15508833212,15196.786937439254,2706.3681508928667,0.6610169492,11834.288957543755,10045.333739028507,1788.955218515248
0xAa96B3a74Dc6D0CD03b316FBc7a8A2d0D629FC5C,108.1778525423047,0,108.1778525423047,0.6610169492,71.50739405852171,0,71.50739405852171
0xC2C9522e9FbB3F6682fFb361013D9560c2fF6357,0.7103332982955766,0,0.7103332982955766,0.6610169492,0.4695423497545156,0,0.4695423497545156
0x3890C6B13De444029c30621e911F0D5b2361810B,50.27196634507282,0,50.27196634507282,0.6610169492,33.23062182370511,0,33.23062182370511
0x23AAa6bf398271c08500D9526903eEeA14477325,16.618569015022597,0,16.618569015022597,0.6610169492,10.985155790379887,0,10.985155790379887
0x63f1F224279F07f29EfD4006660BeF65Af747862,17.082417541883142,0,17.082417541883142,0.6610169492,11.291767528496157,0,11.291767528496157
0x9A438A5635cc1a439A8C41Bf3A259758a89Bd785,57.86160668772997,0,57.86160668772997,0.6610169492,38.247502728533576,0,38.247502728533576
0x9b212D75B49866AebC8674830F27bBa959499E36,2225.7597511913,2084.3965106511587,141.36324054014108,0.6610169492,1471.2649203846242,1377.8214223937541,93.44349799086982
0xC575B5e473EF412c78DEacf11AD57E33e5c2639b,26.70740410687899,0,26.70740410687899,0.6610169492,17.6540467837807,0,17.6540467837807
0xfc8084Cf7E0f916f114F9BDd8A86BA2427EFE976,1691.4456991458835,1671.56935919824,19.876339947643604,0.6610169492,1118.074275786873,1104.9356781934196,13.138597593453463
0x488FBe629DAD546715e1cE2461C7C3feecCf599d,15.890042767778368,0,15.890042767778368,0.6610169492,10.50358759301438,0,10.50358759301438
0x810EF00caE4f1A132a36921C7363b1A6251C1894,12.543563293294108,0,12.543563293294108,0.6610169492,8.291507940230376,0,8.291507940230376
0x4DdC8906725325F5462a8c3d02cdBD0dE0AAaA91,582.0039478417611,0,582.0039478417611,0.6610169492,384.7144740247169,0,384.7144740247169
0x85c772BDE8f67aC4BA2eF35Ec7f2C1dF9fAe464D,54.52232170668766,38.063901111076895,16.458420595610765,0.6610169492,36.040178757855614,25.160883787094537,10.879294970761075
0xE64E65dd57B02DBb41dDE26C07CbeFd4b52AB2Ab,26.57149352229591,17.467406615956374,9.104086906339537,0.6610169492,17.564207583795604,11.546251831715379,6.017955752080227
0x9d3A972e32881d3B8670B2Ad4fB7386FB8142086,10.945555012010795,0,10.945555012010795,0.6610169492,7.235197381340145,0,7.235197381340145
0xb0079838de6f47B67C6d316d8aedcDd1109Bd6e7,481.84721272478663,410.1532252806178,71.69398744416885,0.6610169492,318.50917453586186,271.1182336795343,47.3909408563276
0x9Dd6F45f378bD72D1C51aCB069e7e86FBfEC585b,2415.751394344992,823.7003934640509,1592.051000880941,0.6610169492,1596.8526167155728,544.4799211424465,1052.372695573126
0x662703E7d7F5B0b6b9CB3879933F0e3E0368055a,100.74277638409698,0,100.74277638409698,0.6610169492,66.59268269935359,0,66.59268269935359
0x730488d5FB9Bf55A52FD10797b7d549B55D708e4,71.3681718545177,64.30372741398551,7.064444440532194,0.6610169492,47.175571229254594,42.50585371738111,4.6697175118734915
0xa98ec0d769e2208b6f6D1D37CF3C6317c823d871,5.8852913283604,0,5.8852913283604,0.6610169492,3.8902773190260067,0,3.8902773190260067
0x570e0a5134b7c52Ad0b8C42C6aE9C8D4F2b1291d,2673.918318258807,82.2010817259258,2591.7172365328815,0.6610169492,1767.5053291454312,54.33630826341135,1713.16902088202
0x9Ba1bE12F267cf324D02193De440942E44698117,151.3857844608859,0,151.3857844608859,0.6610169492,100.06856939658356,0,100.06856939658356
0x8831726Be976F50D736195006E815982709365Df,119.89868158044831,112.3890541963706,7.509627384077718,0.6610169492,79.25506071141018,74.29106972835835,4.96399098305183
0x55899fd1140EC8e691B20649f282905203487911,2.2911038332685516,0,2.2911038332685516,0.6610169492,1.5144584661676035,0,1.5144584661676035
0xd30fE8d6A7D0944E4A3A3E13ef53F783823502e1,191.38411981588644,134.49008063486852,56.894039181017924,0.6610169492,126.50814700602452,88.90022279892278,37.60792420710173
0x85871238750343B403bAD6a155b2B35092bDc6B0,40.12932725567952,0,40.12932725567952,0.6610169492,26.526165475997683,0,26.526165475997683
0xC1464d0922e95e1F8f19Fd3fDa6b9CB9BF681735,12688.387920427162,11526.360817088816,1162.0271033383447,0.6610169492,8387.239473426895,7619.119862690469,768.1196107364257
0xb5621c2772c3278cdd18DaA702670051A62D93A2,48.393934156650054,0,48.393934156650054,0.6610169492,31.989210716014494,0,31.989210716014494
0x2633E2642E83FcAe6F0cbc0D186BAf5dA221BAD1,61.061771080563915,51.35273308205772,9.709037998506195,0.6610169492,40.362865632423144,33.9450269549837,6.417838677439439
0xc4a8cD7e51Ed9ab9580c51F7eD23a2CF12D8b245,0.03447002478733723,0,0.03447002478733723,0.6610169492,0.022785270623774036,0,0.022785270623774036
0xc94cDCc2f31B97F7DaEE46B62366271C314b0C3B,55.50859519531211,0,55.50859519531211,0.6610169492,36.69212225038299,0,36.69212225038299
0x8232Aa231e17b54E7B2BF641D9F473AbC42d3d2E,301.9388407307482,21.07613306779819,280.86270766295,0.6610169492,199.58669134482386,13.931681181409195,185.6550101634147
0x6f2e089A043BF4B466c13dD4fA275680A293caCe,30.910236781974707,0,30.910236781974707,0.6610169492,20.432190416670547,0,20.432190416670547
0x92cF0050f5fBd7F18d3D2e66D1461EC5b1648861,230.08723431422467,148.95636377534254,81.13087053888214,0.6610169492,152.09156167625434,98.46268114670232,53.62888052955203
0xe0250374a32FF0a14a977c5c50c7950b65870f45,25.58479692250757,9.228979438120554,16.355817484387018,0.6610169492,16.911984407617503,6.100511832415979,10.811472575201524
0x67430abAA14e5fe522C9eE50fF6987912A8C3338,52.73453922417483,0,52.73453922417483,0.6610169492,34.858424235431784,0,34.858424235431784
0x71557b39e2da7d3BffCad660E9f24211C61e145D,49.18561389147578,11.034412474746306,38.15120141672948,0.6610169492,32.51252443907246,7.293933670271225,25.218590768801235
0x864E836E80a1949EC292e8dE5f8904c283c5A710,28.051345358807552,0,28.051345358807552,0.6610169492,18.542414730034547,0,18.542414730034547
0x33f2A7cfBC746d0CB19d0f4f83533a4D569d0704,64.85435203318845,31.80570899711879,33.048643036069656,0.6610169492,42.869825923321045,21.02411272841845,21.84571319490259
0xe2eF93b094765361A23aed57d707df278161A2B0,2953.6245842953235,1946.9233339409323,1006.7012503543914,0.6610169492,1952.3959117930128,1286.9493225279277,665.4465892650852
0xa2C1eEFC7F1d2b9bf8b702ba7b0b8070666e332c,13.017547811503535,0,13.017547811503535,0.6610169492,8.604819740425203,0,8.604819740425203
0xC728F4bE47f6580087592B59E8F5E3a8A7E09Ebc,132.5327957807535,0,132.5327957807535,0.6610169492,87.6064243359403,0,87.6064243359403
0xcb7aca1C32387b63C9D7133e0e38738FA2C2D4e0,32.47010850985429,0,32.47010850985429,0.6610169492,21.46329206737684,0,21.46329206737684
0x2153Bd212382Cad43C67CB93DE2578251D021e5e,0.22754060406330268,0,0.22754060406330268,0.6610169492,0.15040819591704946,0,0.15040819591704946
0x0B44BBD639dcF545C49F248F6E3C291DF8aE7D0e,1322.1113115420376,899.5257509246774,422.5855606173602,0.6610169492,873.9379856583284,594.6017676030693,279.3362180552591
0xcED4C7FF9bDc8aF4108488B02d2b408A4Fd7f558,848.6232778192496,0,848.6232778192496,0.6610169492,560.9543701241844,0,560.9543701241844
0xCCc9553064d35fFde3061CcBdcaf7429c7C5B57E,1.476198801674225,0,1.476198801674225,0.6610169492,0.9757924282953919,0,0.9757924282953919
0x1ead9B797acD161F5504147b94bC41b16065CA56,7098.267721093098,7044.279383334383,53.98833775871463,0.6610169492,4692.075273601796,4656.3880672841515,35.68720631764471
0x7A155bB081eb46963740150B3a73bDf8A8FC6FFA,107.81272556824239,0,107.81272556824239,0.6610169492,71.26603894005642,0,71.26603894005642
0xd22c9AfFB110bee04A500202E39B9990E2205701,136.7671450041512,0,136.7671450041512,0.6610169492,90.40540094143803,0,90.40540094143803
0xe0D3B203853Fd07904Ec42188836b967afdDA690,5733.464862274701,5041.66703320017,691.7978290745306,0.6610169492,3789.9174516062208,3332.627361168192,457.29009043802927
0x04b718ea9ba2d115138f7B5019B86EF3C02C5E8D,6.281269156075425,0,6.281269156075425,0.6610169492,4.152025374653036,0,4.152025374653036
0xfEFFe72B889c2538d91bDa61f6D3061Be83E28d7,203.1181254679684,185.7678111622658,17.35031430570264,0.6610169492,134.2645236240593,122.79567179404263,11.468851830016675
0x28F5e5d956b535fE279bfbE57045Db1011c98C44,10.223267655218342,0,10.223267655218342,0.6610169492,6.7577531963074655,0,6.7577531963074655
0xc2Fcb924E97724266B4ac59F397BE4Ed249E5999,337.9831796010484,250.7367392429987,87.2464403580497,0.6610169492,223.41261026080068,165.74123442676293,57.67137583403776
0x655e2391673c682d2D167D1a02C6C9264C6639A6,45.46191410569213,20.583327044007678,24.878587061684453,0.6610169492,30.051095766937056,13.605928047015809,16.445167719921248
0xD01d41a1dcf8e73D74870D198b0c36Ede0A4D4Cf,1308.2388218232004,271.1382200011832,1037.100601822017,0.6610169492,864.7680348265743,179.22695899670052,685.5410758298736
0xBD12C9b04f6AcCb574F23E02997A0D083c8380AC,10.109281639098027,0,10.109281639098027,0.6610169492,6.682406507680153,0,6.682406507680153
0xf8A3B723B35144A03bD3b388e9Bc7b2Dc89E514E,17.735355577469086,0,17.735355577469086,0.6610169492,11.723370636795819,0,11.723370636795819
0xA7d2Ca030251B5F16B7cA4c8F81c0d47Ef3b4587,0.48115874655562885,0,0.48115874655562885,0.6610169492,0.3180540867290978,0,0.3180540867290978
0x05e5ab383f3C2D423cFd118B83420261ab0990Bc,79.67321375856764,31.573595195989974,48.099618562577675,0.6610169492,52.665344691647846,20.87068157172907,31.794663119918784
0xf9DDc6282540B90f48a6E49664c50483bD484F12,7.376894043452277,0,7.376894043452277,0.6610169492,4.876251995174477,0,4.876251995174477
0x93E0De40144Dc644F0318826408165686916D41f,7.195314435483336,0,7.195314435483336,0.6610169492,4.756224796677915,0,4.756224796677915
0xcbd9Ba7A19AF1F925c8eB3200C87B607C863109F,30.520192944480932,0,30.520192944480932,0.6610169492,20.17436482915615,0,20.17436482915615
0xE890427Fe7b508c5305C06Bd328ca1B292FC5668,9.03324275575466,0,9.03324275575466,0.6610169492,5.971126567791946,0,5.971126567791946
0xA22F4daB60fB06AD1a0619670A5edA7FE9744901,4.309423596819836,0,4.309423596819836,0.6610169492,2.8486020387803386,0,2.8486020387803386
0x6765A6f548B688CD4C8216Be0500B6bbb1045748,0.030782398031841757,0,0.030782398031841757,0.6610169492,0.02034768683606812,0,0.02034768683606812
0xe3f01af7931050d80350704991bb9e7404DA07dF,33.8597147273298,0,33.8597147273298,0.6610169492,22.381845329841855,0,22.381845329841855
0xDc5b74ED19E70CB86c7B4a9255AB2AFE3a34d842,1.261024060608715,0,1.261024060608715,0.6610169492,0.8335582774113687,0,0.8335582774113687
0xd197C975b29775B1253EA336Ad11c9C6Eb3A2406,2745.042818187694,2157.70223144112,587.3405867465742,0.6610169492,1814.5198291017998,1426.2777463092416,388.24208279255845
0xcfC27450EE34B63f17bab87fc41C0c8EFD58fbB3,515.5917542654911,0,515.5917542654911,0.6610169492,340.814888437251,0,340.814888437251
0x7d53cBCd82AFdb20BaBC2fAaC513aDDcA0778309,26.2960574000327,0,26.2960574000327,0.6610169492,17.3821396385577,0,17.3821396385577
0xb971740d8D36acCf2ABc0Ae69bdCC5a3E0D23AE9,1712.1925333572062,1535.8523944087665,176.34013894843966,0.6610169492,1131.7882848427996,1015.2244641735979,116.56382066920168
0x4d463Cc06afAb96168a5ee76C48a220241DDB090,7.598393570203871,0,7.598393570203871,0.6610169492,5.022666936597059,0,5.022666936597059
0x1D9f08bE69fF146926Ec7Bf9b465984a237B2Bb6,19.484503448072246,0,19.484503448072246,0.6610169492,12.879587025921596,0,12.879587025921596
0x5B872607DaddCf349b85cB99d82D157CE64b9BdE,246.23582068412588,244.4417839106264,1.7940367734994678,0.6610169492,162.76605097237913,161.58016225760792,1.1858887147712296
0xfE429e50DF2d0546cee54ECB34c90749dA056e7A,43.740945216543146,0,43.740945216543146,0.6610169492,28.91350616216368,0,28.91350616216368
0xfdB8580bA2dAb8E453F91f3dF1442cA7bAe699fa,12.404988956182363,1.9061900444740112,10.498798911708352,0.6610169492,8.199907954675357,1.2600239277936232,6.939884026881735
0x7cc51d0eBd9B3F7527a07D2849731425F6e7b1D1,0.34906338997970776,0,0.34906338997970776,0.6610169492,0.23073681712179628,0,0.23073681712179628
0xA570535fE0fEC6E2E0B79593d533F72fA65B24C3,83.7330968486868,0,83.7330968486868,0.6610169492,55.34899622598708,0,55.34899622598708
0xAF6edAf8C69A1E9Afab7822A2CAe9A6dB3125f48,114.00834053479494,109.00834053479494,5,0.6610169492,75.36144544366485,72.05636069766484,3.305084746
0x01B3776688AD4a0f2e0C3380F15F45f9005D94EF,17.20033720995219,0,17.20033720995219,0.6610169492,11.369714427733834,0,11.369714427733834
0x1C59cDC6f89d7c436ed0Cc537Dcb195b38e6ebcD,111.81082610288489,0,111.81082610288489,0.6610169492,73.9088511580607,0,73.9088511580607
0x64BBEAbd91b57681E4b9d7377839F10cfABba815,76.09772508442903,43.85,32.24772508442903,0.6610169492,50.30188607636959,28.98559322242,21.316292853949587
0x03f9887B0681Dae61a0edB672a6E1258414CDE60,49.732637373063525,0,49.732637373063525,0.6610169492,32.874116232012355,0,32.874116232012355
0x26390500636e77469b48797626E00cb4D07e88A9,6.349279185131055,5.881362295902658,0.4679168892283962,0.6610169492,4.196981156574392,3.8876801619774826,0.3093009945969088
0x87D72d48327d3F212346ecA6E9fBC4Db427cB93D,28.66585720579499,0,28.66585720579499,0.6610169492,18.94861747637744,0,18.94861747637744
0x2B4C9ab5Bb159DDc971E0783430064fACF7e8d18,12.896222572692547,0,12.896222572692547,0.6610169492,8.524621701205403,0,8.524621701205403
0x74445a2A7F4A45bdad2D3b95262354f6De8148EA,7.279155911431018,0,7.279155911431018,0.6610169492,4.8116454333252765,0,4.8116454333252765
0xdFE875F84E76843dD87FfFf8A08D65980700CFb5,10.194304847505137,0,10.194304847505137,0.6610169492,6.738608289512617,0,6.738608289512617
0xEf0FeBE0FaCBb9dB322f376557efFB03479cf9d0,579.8300009184267,0,579.8300009184267,0.6610169492,383.27745826173157,0,383.27745826173157
0xcb98044880474f22829a7Bc65524943702Ca38df,15.968301139931814,10.253996987156166,5.7143041527756475,0.6610169492,10.55531770342461,6.77806580555596,3.7772518978686493
0x316198D34D0Ba8ED715c46eC756d5DdDE43d977D,16003.625622860545,15865.677636262955,137.94798659758976,0.6610169492,10578.667785362228,10487.481828113207,91.18595724902127
0xA6eDa7aBe4c2B1c1dDF7A597eD913A09fC5CAC76,27.85799408917538,0,27.85799408917538,0.6610169492,18.414606263658342,0,18.414606263658342
0x05E5475917B8c85F8ff3e670154F123b9bC9c8B1,1.753037379203075,0,1.753037379203075,0.6610169492,1.15878742023438,0,1.15878742023438
0x69FbaeC4131CB64e9828F7e6fdB7e31Fa4A9e230,404.6487291842413,0,404.6487291842413,0.6610169492,267.47966846302415,0,267.47966846302415
0x8bBEf539C1eD386BAc9dbD50b53aDC4C58a028FC,546.7088651219606,290,256.70886512196057,0.6610169492,361.3838261235127,191.694915268,169.68891085551266
0x6dAc62E20F3C62819e98148BD346E44506778024,31.691194281386807,0,31.691194281386807,0.6610169492,20.948416560386793,0,20.948416560386793
0xE5b791315Ae63e6e52AE431E37C5b5Ff4f00fF61,60.80027070406471,0,60.80027070406471,0.6610169492,40.19000945133499,0,40.19000945133499
0xA7e7D343816EF99b15182257283bf4C97b76CF09,30.78116240184742,0,30.78116240184742,0.6610169492,20.346870063698926,0,20.346870063698926
0x5024c7E1e0E2CF34721927D27f868f96F219a483,180.1625663850289,41.48349871017957,138.67906767484934,0.6610169492,119.09050999187427,27.421295759545032,91.66921423232924
0xBC066b0b4D238F42fBd2f33526746fAeB7512d9F,79.32464650913995,55.68722451235235,23.637421996787605,0.6610169492,52.43493583184012,36.810199256570606,15.624736575269514
0x0BCD12FC3A1B8B029A8f4e91b4169aF0eB25464C,14.64,3.3,11.34,0.6610169492,9.677288136288,2.18135593236,7.495932203928
0xEE75Ded36Be9eF3042c1dd65589bcb872c73ff7F,32.42773389263272,0,32.42773389263272,0.6610169492,21.43528172717752,0,21.43528172717752
0xD4b6f06F2817970dcFCE6DC3E9bA6298e9e85Aea,373.13070395299246,0,373.13070395299246,0.6610169492,246.64571957985544,0,246.64571957985544
0x09E0577fe67BdB612A6d305D6390dfbA6bC321F3,1270.0022899851706,1076.0022899851706,194,0.6610169492,839.4930392030111,711.2557510582111,128.2372881448
0xbfA4D296e419CB37D11b75FAEAaF25b8a4d81655,53.89336688621398,0,53.89336688621398,0.6610169492,35.62442896124147,0,35.62442896124147
0x27a4D26219A16C1431D211fF52F161c9F154b417,408.513407945176,0,408.513407945176,0.6610169492,270.0342866272153,0,270.0342866272153
0x6dD9A0C93bAE6F591f3f0E09996C93EfD2DD6Fd7,3999.9994124054133,2999.9994124054133,1000,0.6610169492,2644.067408390019,1983.050459190019,661.0169492
0x4558A7edb2CCc335E9F3dB54d0f409B2e91CA2bc,272.57,0,272.57,0.6610169492,180.173389843444,0,180.173389843444
0xd7794f7082EF7c616678455475aE6A6081E4006b,5.063600943165521,0,5.063600943165521,0.6610169492,3.347126047417515,0,3.347126047417515
0xB035948E4F3a4e89FF565A5d7b592db57bfCC05c,54.32795617484091,0,54.32795617484091,0.6610169492,35.91169984696464,0,35.91169984696464
0x3A63D60Ee191b6CaCc6Aac09B94378f2F431cEFF,17.158598221712836,0,17.158598221712836,0.6610169492,11.342124249065163,0,11.342124249065163
0x8026Be0a070a094313e8515e0e3D81c5d3967449,11.502242173770844,4.197044061268569,7.305198112502275,0.6610169492,7.603177030665579,2.7743172610377274,4.828859769627852
0xb07A11dbf655c657063555f24b304958C208b926,12.871711900996873,0,12.871711900996873,0.6610169492,8.508419731778286,0,8.508419731778286
0x8bb0e2B5cF5eA4d6e9179Da052A9a593F27F4974,1.564013416862351,0,1.564013416862351,0.6610169492,1.033839377322219,0,1.033839377322219
0xE3ae7D29CA7654A0ccdcBBc9D20B6912eF98DA9a,98.02943338689946,0,98.02943338689946,0.6610169492,64.7991169892129,0,64.7991169892129
0x9131F159652ba4ef40a6a26d3459120fED32D764,26.765387434368712,0,26.765387434368712,0.6610169492,17.69237474602242,0,17.69237474602242
0xD62F49Ab24BA30fc985F293d42A062D47d2bB699,28.043144176557803,0,28.043144176557803,0.6610169492,18.536993609563986,0,18.536993609563986
0x2aE2739b44b1EB135f7138C30F02dE2A1CD0cDe7,179.14587774548693,52.905326254862054,126.2405514906249,0.6610169492,118.41846156907793,34.97131735741957,83.44714421165838
0xf64ecdF6e8e4BFE9616cCB2A0673c6528bB86639,158.5086394639015,110.00584029380254,48.50279917009897,0.6610169492,104.77689728027089,72.71572494519178,32.061172335079114
0x67F6b414F163B3E38ae00174e5D6c9462A7231BF,12.844398449523213,0,12.844398449523213,0.6610169492,8.490365077413044,0,8.490365077413044
0xFB8aDCce736BB46e63c094206BC2930B3CaCd7a4,8.308759607683228,0,8.308759607683228,0.6610169492,5.492230927506957,0,5.492230927506957
0xeC6495233997B36B2f7f2F56752895b2b24460F4,213.04374284863863,207.01837031701098,6.025372531627661,0.6610169492,140.82552494395642,136.84265157530643,3.982873368649997
0x11155309f84035556297e417B1dF70d924B0FBd9,1019.454903010159,930.3121320864112,89.14277092374779,0.6610169492,673.8769698347572,614.9520873555069,58.92488247925023
0xbB70CA954d89779F8AFAAAb8Ae383b281e3B27A4,746.6041856836375,615.9227112925549,130.6814743910826,0.6610169492,493.51802108054835,407.135351561597,86.38266951895133
0x9665C2624732406B74b300DE00df0aABD60674F9,260.5214109707497,21.951103855184236,238.57030711556544,0.6610169492,172.20906828116435,14.510051701926242,157.6990165792381
0x2c4Fa7394eF86fea84cE3A3f0f37FA14a484f101,506.5835531489178,6.583553148917788,500,0.6610169492,334.8603148173937,4.351840217393689,330.5084746
0x806cD95759Ce535D4B385aDAFBA6B33A22f4E7E7,38.9981534636171,33.07471933911969,5.923434124497412,0.6610169492,25.778440426953587,21.862950073191136,3.915490353762452
0x2d8402e216021458E1894457D2339B8Bc7E39E88,4261.996064003391,2800,1461.9960640033914,0.6610169492,2817.2516357299296,1850.84745776,966.4041779699297
0xC817673be2a9B40A8bF83B30921f0b392490441a,29.192794536644108,0,29.192794536644108,0.6610169492,19.296931983234916,0,19.296931983234916
0x474B5E6B9ec0993C6C942158Cb23BEbCeb4fB764,7.19802653606581,0,7.19802653606581,0.6610169492,4.758017541130865,0,4.758017541130865
0x92f4b35d2952DA8129627684221fF1BEc4aB3f0E,13.303098586830911,0,13.303098586830911,0.6610169492,8.7935736427738,0,8.7935736427738
0x5069A269894a5f8752bAbCFCAf19c3be3450A1b0,19.492238988833787,0,19.492238988833787,0.6610169492,12.884700349476203,0,12.884700349476203
0xFAa743895F128a90248E6726AbFdc10642A43Eb9,7.436600269260494,0,7.436600269260494,0.6610169492,4.91571882240647,0,4.91571882240647
0x020c18C69Dc3be4cEFc96fDF629C1483Bb2ECeaF,17.714782893313824,12.637883805251885,5.07689908806194,0.6610169492,11.709771743878653,8.353855397291689,3.3559163465869655
0x17c67A91c22B29c29B1162209269222aC7ABA61B,2181.953226627965,2169.5755088772694,12.377717750695219,0.6610169492,1442.3080651627135,1434.12618393709,8.18188122562324
0xf689662E994716567980BC243042Dd6C7300f089,21.728309754109556,0,21.728309754109556,0.6610169492,14.362781024934101,0,14.362781024934101
0xB40b25b49045375bD1Ae731eD2E4F18c39a39E1e,20.787222038347743,18.48379508813708,2.3034269502106635,0.6610169492,13.74070609413163,12.218101838798317,1.522604255333313
0x8f6D96f4fc7e6aefA5fe2a0efB6A1EFaE7E8c016,6.147523975806146,0,6.147523975806146,0.6610169492,4.063617543621233,0,4.063617543621233
0x1345d5207ad8A892e763280adb20028c31822aE2,119.84416163932248,109.8444333531815,9.999728286140982,0.6610169492,79.21902210625662,72.60903222172276,6.6099898845338565
0xe35F5389C4FE656A9263B3E8E9eB2f1c8E108E8f,151.63885797443973,4.309011624200021,147.32984635023973,0.6610169492,100.23585527843623,2.8483297178960347,97.38752556054023
0x92a81eB7947384AcC5Aa7d45330d25F93bAb33C8,133.08733828143616,14.18769746171755,118.8996408197186,0.6610169492,87.9729863279433,9.378308492317117,78.59467783562617
0x20bA60edddc4CF7DecF38E4fAC95398bA61400B3,1.9480832203324328,0,1.9480832203324328,0.6610169492,1.2877160270918562,0,1.2877160270918562
0x2A8C56bD6DCE4920B53BDbfCF47098B759b55B7A,49.65448685095066,0,49.65448685095066,0.6610169492,32.82245741230692,0,32.82245741230692
0x92d1C23C80fF5D594DFff3C592E44d960C92E7A0,0.31234244314740184,0,0.31234244314740184,0.6610169492,0.20646364887497,0,0.20646364887497
0xc8430662a4F653aEF973F17faB548832Fc476E50,687.4582420965163,0,687.4582420965163,0.6610169492,454.4215498930342,0,454.4215498930342
0x6f8F310783A4E81eeab350E51806ADEcd72b44CF,4857.213195555824,2319.228063531895,2537.9851320239295,0.6610169492,3210.7002481402938,1533.0490590548768,1677.651189085417
0xaAc75DCA321399ef9Af907b9B73e26c2aec4Ef1c,13.147284787731776,0,13.147284787731776,0.6610169492,8.690578080650027,0,8.690578080650027
0xFDbF61d09bFAd5B38963369eaC44F26Fa83B8F73,45.451734291600026,16.8447473275496,28.606986964050428,0.6610169492,30.04436673728247,11.13466348850169,18.909703248780783
0x5bEEF6F00B002498A09837604D3da502D854A4B7,27.22494961048695,0,27.22494961048695,0.6610169492,17.99615313364781,0,17.99615313364781
0x971D838d77CE48a945dDB8a0181E44Dc15C332a7,1968.117715019955,0,1968.117715019955,0.6610169492,1300.9591676489656,0,1300.9591676489656
0x503972B5063ac4d8F69831583fCB97A837e8B719,24.18506846557762,0,24.18506846557762,0.6610169492,15.986740173309242,0,15.986740173309242
0x0bF2304a4514d53bfC522960280760ae845406EF,77.14416615631548,0,77.14416615631548,0.6610169492,50.993601361225544,0,50.993601361225544
0x486D66FC5ABDCA0F62728DF77bdFE49D0C5A8d2b,72.68106695251096,0,72.68106695251096,0.6610169492,48.04341714154973,0,48.04341714154973
0x2D6540ff759F4d2194378AD663F0F14C1C9Db430,16.281269587016894,0,16.281269587016894,0.6610169492,10.762195151512651,0,10.762195151512651
0xDdfB071e8376C595d516566CAe10AfC80dD71Deb,146.42293339063858,0,146.42293339063858,0.6610169492,96.78804072279472,0,96.78804072279472
0xB3aA27208922f035F42E20D8C041042DC5b09ab5,9.246739896478548,0,9.246739896478548,0.6610169492,6.1122517964161736,0,6.1122517964161736
0x47D914f48903c676b67d14cd2cFE630F7E12b338,1208.62462063418,1186.3132606039803,22.311360030199495,0.6610169492,798.921359459613,784.1731723199476,14.748187139665289
0x123953672b0ae4BB9ae13e07259Fa53cC0Ea3a40,30.535737838353462,12.096686810401003,18.43905102795246,0.6610169492,20.18464026747941,7.99611501083915,12.188525256640258
0xBF24EA6A32921845cb46E2E95ad8e41110eaF120,610.0220497940737,265.3487307657828,344.67331902829096,0.6610169492,403.2349142996091,175.40000848488992,227.8349058147192
0x7DC69Fe0d96949643c713F679bED03254C848b68,1311.87696693477,900.0030417347955,411.8739251999746,0.6610169492,867.172910408971,594.9172649182548,272.25564549071623
0xFe405BD03823D8093f537AcCBB17545aD426Cb32,442.05423830599835,426.46352916828965,15.59070913770871,0.6610169492,292.2053439859608,281.89962099588803,10.305722990072773
0x23acaFc34D9C382502696F035f074de0bC40ab36,358.26151458048844,115.35418195864156,242.90733262184688,0.6610169492,236.8169333837658,76.25106943576293,160.56586394800286
0xE13Ae1DC3d2f673215E1F55c2652F0b36cCB268B,56.12873359457057,0,56.12873359457057,0.6610169492,37.102044243142586,0,37.102044243142586
0xC39a6D881B182f3087799a716Cb5c7554969B1bb,18.321596260289688,0,18.321596260289688,0.6610169492,12.110885664450818,0,12.110885664450818
0xC2493150727198a001FcB1A5f35FB477D506959d,168.4068593767839,0,168.4068593767839,0.6610169492,111.3197884095951,0,111.3197884095951
0x384c2A8a7d62Ae61a1F50f06D4068ce1dC6Bd979,5.021014608500572,0,5.021014608500572,0.6610169492,3.3189757583996804,0,3.3189757583996804
0xC87a91dB991FD20dB903DCcCcb6F1DA470dD5DF1,23.271086122560053,0,23.271086122560053,0.6610169492,15.382582353305104,0,15.382582353305104
0xe816fAEDAf119Ad6282494d83365bB308DB9C4E8,6.61,0,6.61,0.6610169492,4.369322034212,0,4.369322034212
0x58b098dcA8145cFa8C8E4Bc7495A613f525b0028,35.236967301160064,0,35.236967301160064,0.6610169492,23.292232624472984,0,23.292232624472984
0xE9c806549414f838F1FaEe629706Cda38a9a41e0,9.374684790289054,0,9.374684790289054,0.6610169492,6.196825539788512,0,6.196825539788512
0xA9424307d5f069Ba1A9C90ba971BFBe74d32bd42,0.17509877049654324,0,0.17509877049654324,0.6610169492,0.11574325508229598,0,0.11574325508229598
0x8eD5A421383Dd00FFb6b2397D8E60904889b4878,2.383477914463414,0,2.383477914463414,0.6610169492,1.5755192995041845,0,1.5755192995041845
0x8BACf86066d0e1fA13D750712ec155672298a0b4,84.66898124778331,0,84.66898124778331,0.6610169492,55.96763167628173,0,55.96763167628173
0xf1dD914B7e822ef270eD1f4B6706C710D3CC929E,6855.993659144615,4070.4899183793377,2785.503740765277,0.6610169492,4531.928012302318,2690.6628275964667,1841.2651847058512
0xadf1da4e02D2345eC184d9B08A08daF4B1E4a4E6,543.7485873836355,0,543.7485873836355,0.6610169492,359.4270323641403,0,359.4270323641403
0x6707d316F00c88e71182871a88954c24C821d2cE,27273.588342354822,24890.55124354809,2383.0370988067343,0.6610169492,18028.30415980007,16453.076246916422,1575.2279128836465
0x5C73f4DF2dA3C258d490E91e1beceaaAB2742196,8.962153061363642,0,8.962153061363642,0.6610169492,5.924135074886035,0,5.924135074886035
0xB92fD2a199c2c715011C53B2A35270F59cF0Fdd2,2494.2402664488077,1228.736635561137,1265.5036308876706,0.6610169492,1648.735091499786,812.215742208895,836.5193492908909
0x4c0eB2910BB401B3BA968587800bC5FC94243cdB,3.7798030157453484,0,3.7798030157453484,0.6610169492,2.4985138580449497,0,2.4985138580449497
0xeBCA28f6408D0D2F229fd2aA12F3D331fff0B9a4,0.9224132498275889,0,0.9224132498275889,0.6610169492,0.6097307923026902,0,0.6097307923026902
0x35C1Ef11F758a7f358A39ef9A8445af875E9463E,2779.800196834565,1782.9476489487217,996.8525478858437,0.6610169492,1837.4950454971438,1178.5586154913965,658.9364300057473
0x6b6cef32EB006605c829bd11da280aEb9fd43c38,15.192704093251592,9.299734253623955,5.892969839627637,0.6610169492,10.042634909819519,6.1472819647012455,3.8953529451182733
0xf316160bcb0A8e92bdB60BfE7167D10b5F5FC13A,36.64816249901375,0,36.64816249901375,0.6610169492,24.225056568883918,0,24.225056568883918
0x08C291199cd79dFA1059d893C13A7F8f18A21eEE,16.954807916050434,0,16.954807916050434,0.6610169492,11.207415402939667,0,11.207415402939667
0x0aCad40c3920115AB1BDEc51D9A928EFab071038,25.487635089744543,0,25.487635089744543,0.6610169492,16.847758789345807,0,16.847758789345807
0x9907449886f7bE720a0E45889C9C07ad8c91B24d,15.936172293845349,0,15.936172293845349,0.6610169492,10.534079991603218,0,10.534079991603218
0xdB231f4D6bd97f624Fc4572bD4A73e370cCAbBDF,329.9814653694547,321.0078895630113,8.973575806443439,0.6610169492,218.1233415310624,212.19165582807224,5.931685702990172
0xcC6d744bd494d5E869EADD9229AD7d34cbCDBBa1,301.9228308401782,0,301.9228308401782,0.6610169492,199.57610853580226,0,199.57610853580226
0xe4D52b2765c7b787D66d107A0D9f8F3083A0bcA2,240.13310764096258,209.6765028018266,30.456604839136006,0.6610169492,158.7320542147443,138.59972220098865,20.13233201375564
0x1799aF8Be8890F2e0544Cebf9fd0F7E9F4680500,16.882492787541274,0,16.882492787541274,0.6610169492,11.159613877311536,0,11.159613877311536
0x7E337789D6d6cFFa392709FB54247047eD03F4A7,38.08839373657988,0,38.08839373657988,0.6610169492,25.17707382768242,0,25.17707382768242
0xd3A10634598eCaD9Dec0b9f89b9f2d5a4704D26A,2.8853950871831593,0,2.8853950871831593,0.6610169492,1.90729505776648,0,1.90729505776648
0x229eC1b353F89E954Ad2349eEbfA2942be6fd1b5,16.684527049687215,0,16.684527049687215,0.6610169492,11.02875516922912,0,11.02875516922912
0xB5123E88A4A544a0d9E94fAaaaB7641E47425d3a,39.088430771299336,0,39.088430771299336,0.6610169492,25.83811525745969,0,25.83811525745969
0xE461B0e2e0Dd528593939dC272b0437610104693,3.6098372166031503,0,3.6098372166031503,0.6610169492,2.386163584027634,0,2.386163584027634
0x74Bb0C1283Be78aab0B99B7e6150878090Adc618,76.46060402159135,56.17333568984228,20.28726833174907,0.6610169492,50.54175520434156,37.131526984087024,13.410228220254542
0xABAf155BF94bf814D455862c9eC484D0f8712fAB,11.461272579591245,0,11.461272579591245,0.6610169492,7.576095434511019,0,7.576095434511019
0x907dF8299fa5f31a363488cf05855DBfDD22Ff3f,418.65531840352617,403.85065939971014,14.804659003815999,0.6610169492,276.7382613374535,266.95213080880467,9.786130528648762
0xc10892DA35BF6D62ec482329656143F701782298,245.85249162137086,111.25,134.60249162137086,0.6610169492,162.51266396477712,73.53813559849999,88.97452836627713
0x0D8CEb3e893349297f853bE0943deB33565a09f2,190.1548624874416,171.51362696567574,18.64123552176582,0.6610169492,125.69558707699416,113.37341444307783,12.322172633916313
0x63c4ccD81c7F2e59F1DdB8a931ABE6616995e899,2134,0,2134,0.6610169492,1410.6101695928,0,1410.6101695928
0x9EE60C1f24Fdc2947B4B37Da3039526F5F59F0F0,17.470179337165547,0,17.470179337165547,0.6610169492,11.548084647430048,0,11.548084647430048
0x8a35B2e7b3bC3794bDd8d0e2Cb0D7d60e03fd491,206.87998985618307,201.942902229911,4.937087626272061,0.6610169492,136.75117974526108,133.48768114460964,3.2634986006514275
0x6ab963bf11b13E49a3C6E9228E19115448bCF69A,58.12317226824693,53.05791957593736,5.06525269230957,0.6610169492,38.42040201058263,35.07218412898507,3.348217881597558
0x560a757a2dd9E78A904879E858d970Bd92133cbc,331.660559349986,304.58943774059003,27.07112160939594,0.6610169492,219.23325111149327,201.33878089382816,17.8944702176651
0x673b047b8B2041763775fA7d61Aa94D48aDcFCBA,279.32963178793904,244.40963178793902,34.92,0.6610169492,184.6416210256228,161.5589091595588,23.082711866064
0x7E7257eD884c00385e6CAf99E25E9486EC4eaa71,560.2862595284689,26.760041689577562,533.5262178388914,0.6610169492,370.35871395218794,17.688841118109373,352.6698728340786
0x7bcdf436cC54b7e4e29D002C0B527E4231865E27,200.34301439086204,172.45440194320497,27.888612447657078,0.6610169492,132.43012816617932,113.9952826486079,18.434845517571425
0x2E59dcd5370DD1240A5cC54E6dB2707f6Da10D33,438.88591300281047,422.26618458251863,16.619728420291818,0.6610169492,290.1110272599744,279.12510508306053,10.985922176913832
0x0acc7B9F18a20b7de3651355d52CA7338784B794,122.75239209583033,121.2659656853192,1.4864264105111247,0.6610169492,81.14141173018795,80.15885867910158,0.9825530510863704
0x67f20588a35587c0d3fFa04eaB363EA39ac83b7f,2495.0537652497787,2488.7546377009494,6.299127548829257,0.6610169492,1649.2728279953817,1645.1089979204328,4.163830074948789
0x5632B46C98d5C26806237a79D3E28fC36c24Ef98,27.999953169609547,19.999953169609547,8,0.6610169492,18.508443621918172,13.220308028318172,5.2881355936
0x83ad2F50Eff479E7AD79Fc6BFB3B7124C32C9047,35.25097942113606,34.25117418769332,0.9998052334427348,0.6610169492,23.301494873271338,22.640606668066827,0.6608882052045103
0xdae1d37767b844dBeA0893a69Af3aC305C8C4179,18.317357949152065,17.720600010470932,0.5967579386811322,0.6610169492,12.108084068952866,11.713616956914983,0.3944671120378827
0x30B70FB5576F02c11741355dAf6fD1B6fB1573FB,37.98907088967364,28.862636575166015,9.126434314507623,0.6610169492,25.1114197424346,19.078691974784576,6.032727767650022
0x451123d187c65049559d5F50A62b9aE11A351F00,27.354274833064878,18.685466627810126,8.668808205254752,0.6610169492,18.081639297730884,12.35141014469346,5.730229153037423
0x92A11D075A6cC2eD7FeBbA538731575dD58b2ea3,2866.8680722183435,1623.9136550823432,1242.9544171360003,0.6610169492,1895.0483868566546,1073.4344500467516,821.6139368099031
0xFE98Ad5f4027F369B0684CeD52578EaF151b6Fd1,2611.394014621342,2434.3839191324732,177.01009548886879,0.6610169492,1726.1757047041397,1609.169031406487,117.00667329765272
0xE01d14aC4f6968c0ae75B303d0Dddc7333F024e9,24524.326097370813,20713.75439141061,3810.571705960203,0.6610169492,16210.995218069997,13692.142734288343,2518.8524837816526
0x655552B438D13027BD46dee323F301b37aB56c36,708.1153484354834,676.7982836837,31.31706475178338,0.6610169492,468.07624730451823,447.3751367043955,20.701110600122703
0x0020894d62F818473FaAaf6ca391B4922b537FFA,2104.563169721334,2018.7371961311117,85.8259735902224,0.6610169492,1391.151925847878,1334.4195026231494,56.732423224728585
0xf9d260696a365c93B02C20F50087fa751097f17b,675.7447585621106,236.98404660072464,438.760711961386,0.6610169492,446.67873874261693,156.65047149308162,290.0282672495353
0x7CE3E44f1c02D35e530C03fCff19De23F15Ae60C,1372.4687428848297,1077.6094763188603,294.85926656596934,0.6610169492,907.2251012940893,712.3181284653026,194.9069728287866
0xe5d9DA6e8Fb1BAc6ECF6BDf8f1CA4393D58d12B0,145.66041052426382,116.65351780117031,29.006892723093525,0.6610169492,96.28400018396844,77.10995245037749,19.17404773359096
0xfD674Bc7537E97cf9239Ae5159FB8605C233602c,4432.458115715864,4417.586856728135,14.87125898772875,0.6610169492,2929.9299411072807,2920.099786860449,9.830154246831539
0x0538859DD48317B12B9C290026432A88AC606d39,2498.066893218942,1859.4986864943603,638.5682067245818,0.6610169492,1651.264556653107,1229.1601487879093,422.104407865198
0xeaf41e85A9804c74b332FAD07f7e0cac53085345,390.8900768526287,160.79320494518728,230.09687190744143,0.6610169492,258.38496607367813,106.28703378495806,152.0979322887201
0xeadCe7a42F0A03A12AB599e4abE199abBe4F75eB,195.8778766010443,179.31444978671564,16.56342681432866,0.6610169492,129.47859640659638,118.52989054549136,10.948705861105006
0x9032dC69fBe3346FB5D8155b965530d7Bb50d7fE,76.35878996225065,1.5,74.85878996225065,0.6610169492,50.47445438545051,0.9915254238,49.48292896165051
0x60f7244C704184ed3743DFFC694c0d922BcC2093,23.02201182492165,3.88,19.14201182492165,0.6610169492,15.217940020956032,2.564745762896,12.653194258060033
0x5e0237a6E8ACFF1D34269dC0c8b30501E2085504,25.37981540381793,25.141200312939226,0.23861509087870444,0.6610169492,16.77648814949089,16.61875953008517,0.15772861940572194
0x42838d11214407b673e513CFD4076922A4660122,457.45006881802624,310.7675488127207,146.68252000530552,0.6610169492,302.38224890142175,205.4226170265467,96.95963187487502
0x90418b5Dcd5372212fb17f264b5F3C51c779C43d,3.614179699025384,2.8603572196267044,0.7538224793986794,0.6610169492,2.3890340385103332,1.8907446029398385,0.4982894355704949
0x7EFE4Dc2c4D9e5D6c21C1eD841a4a77e25D3BA96,22.804444096011505,22.13967450951639,0.6647695864951161,0.6610169492,15.074124064547476,14.63470010056153,0.43942396398594713
0xbDf0fdEb52379f5814d6dfE0861f7b2cd7a6EE27,900.0028903096398,711.6378229959881,188.36506731365174,0.6610169492,594.9171648236603,470.40466269213766,124.51250213152271
0x290D5EdFa2cb4c0c1Ca0777c32E7fB8592c0BA4c,280.996534341343,266.3424266166945,14.654107724648526,0.6610169492,185.7434718660876,176.05685828469228,9.686613581395322
0x20a0dd783461bCe4784d13Fb08F3b6C66ba6D8a9,1206.2365157150184,1173.7070827516088,32.529432963409704,0.6610169492,797.3427816315793,775.8402750949003,21.502506536678997
0x0E6e8e8f54E3497E9b146e4F9D9Bec16f89A7aeE,201.24995377902985,198.24995377902985,3,0.6610169492,133.02963047365532,131.04657962605532,1.9830508476
0x5D77ccd107ED1a4FA405aB88b7733b5225CCC9FD,8312.034251437168,7666.355349161152,645.6789022760163,0.6610169492,5494.395522530902,5067.590824385606,426.8046981452972
0xaEA68c044ebAf76a14395a9e0f9dc4f365e4F45e,223.00178766378008,95.02790877781632,127.97387888596377,0.6610169492,147.4079613476581,62.81505834916804,84.59290299849006
0x8691F33360449A0e1E20f5d1Ed42226b644f0EF7,4022.0809573966026,3967.568401077422,54.512556319180646,0.6610169492,2658.6636838937175,2622.6299602225195,36.03372367119797
0xE781946C77cF56c1B249F5B736c8Da2058C72fEF,1131.1771442590398,631.1797476162566,499.9973966427832,0.6610169492,747.7272649028788,417.22051116612386,330.5067537367549
0x7BEa2B1aC689C2ba8C48c5baF0AE7e6dd8A68B0B,356.09998405804345,288.7695353537818,67.33044870426161,0.6610169492,235.3881250722165,190.88155728145838,44.506567790758105
0x94f09bd9B92D3401D04346B3C0cDdA0aDEaa90eD,1029.4645874557923,1008.665539781824,20.799047673968257,0.6610169492,680.4935409094644,666.7450178697525,13.748523039711854
0x6742ab6315939fc5e07F595B94eab1289393CA16,609.4029290164657,565.3359434164532,44.0669856000125,0.6610169492,402.82566497200827,373.69664059024774,29.129024381760594
0x44e387e14aBf1ad29edEb8382eBE244b0F0B60B9,83.25,63.25,20,0.6610169492,55.0296610209,41.8093220369,13.220338984
0x19206f03068Ec1fa140380A3a9eC8CeE2A15AeeA,509.7836789591307,394.6824706303305,115.10120832880025,0.6610169492,336.9756522175168,260.89180263877967,76.08384957873717
0x9a989B1273f8098e34b5777d5Bd7E317C12cC1A8,75.69918111784868,75.42701769401063,0.27216342383805425,0.6610169492,50.03844175945858,49.85853712334932,0.17990463610925717
0xeEee31a780C18E3AC630491A902FCc16E1Ee966c,14270.929668678087,13454.355857851275,816.5738108268122,0.6610169492,9433.326391837356,8893.557262607997,539.7691292293573
0xB40005c1b841975dDa6FF115a3cf6547a8eD49F2,1251.9854718606177,15.74381843896543,1236.2416534216522,0.6610169492,827.583617052028,10.406930833283635,817.1766862187443
0x48276FA6bC0e9597a67b1DaBbE70BB15fF83C0f6,4799.572920713415,4714.522066734299,85.0508539791159,0.6610169492,3172.5990495129154,3116.378993488785,56.22005602412987
0x2a7c813DFD7E3D78A4343A1c95d0C69754152ded,2061.519003397643,1999.9986065933708,61.5203968042721,0.6610169492,1362.6990023437343,1322.032977334601,40.66602500913337
0xF8f7C5c80A44781d3519CF4580bD2696E61346FC,209.9974094118978,9.997409411897788,200,0.6610169492,138.81184690935603,6.608457069356042,132.20338984
0x14abf7c356fCde820032ad31e594D3B529438230,145.8860713432846,129.72502218368354,16.16104915960108,0.6610169492,96.43316581011153,85.7504383987608,10.68272741135073
0x36AD694e1E21f1d322fAe9Ee9735Aa18e876ffd6,307.5790935227021,287.2896271603645,20.28946636233762,0.6610169492,203.31499403807803,189.90331288234958,13.411681155728434
0x54B57fc02A55420A69b987361b098415c7C4C71a,114.1603506824228,39.26430792612916,74.89604275629364,0.6610169492,75.46192672769726,25.954373037779277,49.50755368991798
0xDc944D7391eF730A67c3D7C58314d56d6dd3F2D6,10.789647210450354,5.359647210450355,5.43,0.6610169492,7.1321396819961835,3.5428176478401836,3.589322034156
0xfc5081202D094ad46d09eF1d1663b3ae333dB98D,497.75830360911704,0,497.75830360911704,0.6610169492,329.0266752906659,0,329.0266752906659
0xFf6f33768Df7A93F983f0a9C96Fa24d4890E1677,141.1476833368924,0,141.1476833368924,0.6610169492,93.3010110260003,0,93.3010110260003
0xAFc281Fd1B0DbfF9DddCccc41E5b90ff55c28311,18.43,0,18.43,0.6610169492,12.182542373756,0,12.182542373756
0x58521aa34F4D455be47d786626493aEB459B1f1c,285.60726347390226,0,285.60726347390226,0.6610169492,188.79124197087947,0,188.79124197087947
0x90791dA4466D29ef33dF299D6417E187e9644fD7,1258.8393251522568,0,1258.8393251522568,0.6610169492,832.1141302451316,0,832.1141302451316
0xE4Ec54ed041BA83F044F610DcEE9cf769eDC6C41,169.31602132868437,0,169.31602132868437,0.6610169492,111.92075986936906,0,111.92075986936906
0x4394F88BeF973e46f3E92D073D895B04bdC65eab,10.801609874441798,0,10.801609874441798,0.6610169492,7.140047205652112,0,7.140047205652112
0xeFa6587325d84a055FB2B85165810F4f631E4BAB,1017.0905159764859,0,1017.0905159764859,0.6610169492,672.3140699310305,0,672.3140699310305
0x211eddD25eA24981687FBc96C663D01DF4BCA043,67.70808539558679,0,67.70808539558679,0.6610169492,44.75619204436386,0,44.75619204436386
0x6aE098A5035a885a1e564Fc859093FD67Fa5E603,28.70326592823613,0,28.70326592823613,0.6610169492,18.973345275958952,0,18.973345275958952
0x4EDa9ae2a25E738481BC0a35132721F724E73D88,644.2860937756228,0,644.2860937756228,0.6610169492,425.8840281195473,0,425.8840281195473
0x5d374301980CE66e5D8E70542b738834cB127Cc1,20.148045927653087,8.431594792499437,11.716451135153648,0.6610169492,13.318199851438727,5.573427066628585,7.744772784810141
0x6D28658Ee47b59235f52426CbEF8bb07b482B4ed,25.475816697216207,0,25.475816697216207,0.6610169492,16.839946631572275,0,16.839946631572275
0x100445cD05035e269C09F2fa06E87Dae43454B0B,2819.032000699749,0,2819.032000699749,0.6610169492,1863.4279327997203,0,1863.4279327997203
0xe82df41011fF54aDAcD6Ea247Aa450F2C9b7d8Eb,298.6785301903514,0,298.6785301903514,0.6610169492,197.4315708179662,0,197.4315708179662
0x593D3090BB8952f26BF7BEa1098beF8185714938,165.0888550044861,0,165.0888550044861,0.6610169492,109.12653128198656,0,109.12653128198656
0x66f07d6B81074F68DBE7bb7c6c42B0a52EDB51D2,647.9320854628104,0,647.9320854628104,0.6610169492,428.2940904214206,0,428.2940904214206
0x2Bb302959a0a394f13962C2c452a2F766614c241,25.871850268817873,0,25.871850268817873,0.6610169492,17.10173153485319,0,17.10173153485319
0x9160e8b23C2085b50e2b2cdd377c01B6BF07aD98,111.67697082756884,0,111.67697082756884,0.6610169492,73.82037055233695,0,73.82037055233695
0x00f26aED862DfAFE07859660f548eA6C90448230,30.837594337431913,0,30.837594337431913,0.6610169492,20.384172529596437,0,20.384172529596437
0x94D17b35838BB55d911A3b481Ce088203417e16F,26.877094335434474,0,26.877094335434474,0.6610169492,17.766214900969498,0,17.766214900969498
0x2DD558A54b8f4346D7463b81F6985B464056675D,20.41335936997054,0,20.41335936997054,0.6610169492,13.493576533661159,0,13.493576533661159
0xDFbA83A810B3fCf66ece51EE5b0fD6998D0e8890,87.755246061516,0,87.755246061516,0.6610169492,58.00770502787862,0,58.00770502787862
0xbB7b7F614780D3B06081C2855F4C31f4A918D687,24.25,0,24.25,0.6610169492,16.0296610181,0,16.0296610181
0x6b84c3f6fAEBC4eb1D93c8Bfc058DE3B250c2d04,99.74,0,99.74,0.6610169492,65.92983051320799,0,65.92983051320799
0x91B5dDa7288E0E0Ca64b404950c642B316aAe6b5,64.96597942357715,0,64.96597942357715,0.6610169492,42.943613520362945,0,42.943613520362945
0xFE011E6CB100c01390dD3D1d61e6ec66BAC5B786,147.00461418932866,0,147.00461418932866,0.6610169492,97.17254158975307,0,97.17254158975307
0xf10a0711DBD91bd97aB755c82258830b29f7C53A,48.50016876871993,0,48.50016876871993,0.6610169492,32.059433595184366,0,32.059433595184366
0xD4F2beA4579B27c2F037758e0dB2f2B0d8eeD36F,1549.914672909106,0,1549.914672909106,0.6610169492,1024.519868606693,0,1024.519868606693
0x2FE44AEFFCC53022D6BEF893b3E0B23225a41C96,950.4441591484276,0,950.4441591484276,0.6610169492,628.2596984652529,0,628.2596984652529
0x862F88c87d517b309AF4073F0394e4DdFBE1C89B,559.4148836527352,0,559.4148836527352,0.6610169492,369.78271972920396,0,369.78271972920396
0x71A0FeB166ced46f62940aE69a66A7bB5575aA0E,2.9216881952433424,0,2.9216881952433424,0.6610169492,1.9312854173334082,0,1.9312854173334082
0x2118D87992d579d04Ffc80D44E3fc84104D09Dc8,12.648886359337286,0,12.648886359337286,0.6610169492,8.361128272026628,0,8.361128272026628
0x51B52E9b55977586F5723Bd303aA21696cF162CE,6336.918573773651,0,6336.918573773651,0.6610169492,4188.810582964674,0,4188.810582964674
0x6366304bb24e76818930AA1823bE0f3417bC7713,338.6352012699552,0,338.6352012699552,0.6610169492,223.84360763519373,0,223.84360763519373
0x49Deb134B43340DBDf898fF7c6fa4b2643e7F3af,6.972864967198931,0,6.972864967198931,0.6610169492,4.609181927801395,0,4.609181927801395
0x31771D3c780d5f7EaEaf3243425eCF2Be8D14667,551.5882159109665,0,551.5882159109665,0.6610169492,364.60915969613797,0,364.60915969613797
0x88643B413790052D6386EB21b6Ca3F902Ea36Bda,20893.76558698291,0,20893.76558698291,0.6610169492,13811.13318560739,0,13811.13318560739
0xA4bC31f18B4736c7279Da9CD5e805c8a218077eF,19257.16854514643,0,19257.16854514643,0.6610169492,12729.314801942895,0,12729.314801942895
0x5D18bca2444eC5377108EebD7179fB8a48701132,276.23032307664744,0,276.23032307664744,0.6610169492,182.59292543665583,0,182.59292543665583
0xB0D4B732F4eB0934cAe4C0d4e2D15926f7CF21d5,13.673770371245272,0,13.673770371245272,0.6610169492,9.0385939748619,0,9.0385939748619
0xf04bD9c8F162a078afEfAA4E348A8675A4fA26ae,2.03711816531555,0,2.03711816531555,0.6610169492,1.3465696347967862,0,1.3465696347967862
0x09566313171Bc7c594C5bc72d12F2423EaD38546,3.7941897760732557,1.178241292964551,2.615948483108705,0.6610169492,2.5080237504657745,0.7788374648968909,1.7291862855688838
0x051B7FebA2283926f4d7f6AA060D1E9e09146810,409.74198331083323,0,409.74198331083323,0.6610169492,270.84639576728426,0,270.84639576728426
0xc304A76B744D4ECcAe0f1dF4C7E7443520e53373,1696.0867072013928,0,1696.0867072013928,0.6610169492,1121.1420607729383,0,1121.1420607729383
0x048ea25249d41C94698bd54612aE5BdfC08A383F,5.411469805746373,0,5.411469805746373,0.6610169492,3.577073261682384,0,3.577073261682384
0x86543f95c92e2759Ba76F6d0FCC6230362ad7ED0,2115.6758106068673,0,2115.6758106068673,0.6610169492,1398.4975698235885,0,1398.4975698235885
0xf34EC24C8242558d14ba8BA009114F5D8F92C48A,2.5660850709493666,2.2442101371995684,0.321874933749798,0.6610169492,1.6962257249866157,1.483460938255372,0.21276478673124358
0x6A482553e4ef226dF39d5392905cCC405823020f,101.61895903613024,0,101.61895903613024,0.6610169492,67.17185428294258,0,67.17185428294258
0x46E098e60C6AdE67AbE1453491Bc8f1e1a1Fc8d3,17.88070795749697,0,17.88070795749697,0.6610169492,11.81945102360081,0,11.81945102360081
0x861E55d68c2bD6aEfAF199b5a94e2fa97d729F60,1.6240709300816827,0,1.6240709300816827,0.6610169492,1.0735384114870004,0,1.0735384114870004
0x681326cEf79a6390664bE36b37Bba34b76e152b9,2.138903117619188,1.0427879841842653,1.096115133434923,0.6610169492,1.4138512134430046,0.6893005319679009,0.7245506814751037
0xAD3E9501Bff38719FE4bec52b52046F67C29e927,0.007043954441290465,0,0.007043954441290465,0.6610169492,0.004656173275085614,0,0.004656173275085614
0x2C29cFfD0dc7903Cd8234C90dCb23dcD9f24B954,23.163593504207135,0,23.163593504207135,0.6610169492,15.311527910659937,0,15.311527910659937
0x85CD248C58190821bA68Bea3C6D47cF52A3edD5f,27.077843423183893,0,27.077843423183893,0.6610169492,17.8989134505083,0,17.8989134505083
0xA410e2678908FB7C8A80A6fAd91B90F9bAA9683f,50.70046143909499,0,50.70046143909499,0.6610169492,33.51386434350281,0,33.51386434350281
0x92Af51179448313D0Cab834f1888658f069948D1,105.91284467602316,0,105.91284467602316,0.6610169492,70.01018546883829,0,70.01018546883829
0xF184d76b9345A646bd4e48517929950201F4d579,2.6020138933661623,0,2.6020138933661623,0.6610169492,1.7199752855689148,0,1.7199752855689148
0x83d3959aE098d5D8a4D0242fF8fc7A00b8f5c60e,5.9,0,5.9,0.6610169492,3.90000000028,0,3.90000000028
0xE2f4A6c2D1361607B6b72f998D909e1E8F2F802d,6.99,0,6.99,0.6610169492,4.620508474908,0,4.620508474908
0xaE4eeCa87C34A8E5367FB87B686d71A741234D9e,2.925780496293501,0,2.925780496293501,0.6610169492,1.9339904976887918,0,1.9339904976887918
0x10ffBe848ca562Cb961BC9E373e2035EBB67539A,18.57403515694227,17.76243237415272,0.8116027827895492,0.6610169492,12.277752053775522,11.741268858333743,0.536483195441778
0x83c4b908f6E78965582B68b2001b1fa86e11d692,40.58818989021441,0,40.58818989021441,0.6610169492,26.82948145477981,0,26.82948145477981
0x3f5AFE475e7025700726533B48EbcAcC6ca4D11C,25.64421571711507,0,25.64421571711507,0.6610169492,16.951261237954093,0,16.951261237954093
0xe3c94dAEF097fAc12Dbd1F124dABeF9a338681e2,0.05526730245015523,0,0.05526730245015523,0.6610169492,0.036532623656115294,0,0.036532623656115294
0x974bAa813dCF03Bb97b194bAdAe967183Bf3424e,183.8491869361152,0,183.8491869361152,0.6610169492,121.52742866141135,0,121.52742866141135
0xc26Ebfb7a5Ad0C0e20EBcE1027C01828A6F8C932,28.39737554558658,0,28.39737554558658,0.6610169492,18.771146548430327,0,18.771146548430327
0x59E754117A5F755B46508B0876252Ea4672eDC0A,106.6384352415704,100,6.638435241570412,0.6610169492,70.48981313084464,66.10169492,4.388118210844639
0xFc8C239091A90AE4c197B3446ef94A1C623879C8,12.878419108401335,10.761137454385237,2.117281654016098,0.6610169492,8.512853309554435,7.1132942500195835,1.3995590595348508
0xb0de16C149D0870C4ffEa2DAEC98588082B64373,3.287,0,3.287,0.6610169492,2.1727627120204,0,2.1727627120204
0x035186F3d19F6068A87837f9007F6E4fA23e15c9,2.2690345328794925,0,2.2690345328794925,0.6610169492,1.4998702845534493,0,1.4998702845534493