0x6D28658Ee47b59235f52426CbEF8bb07b482B4ed,0.5603998308,14.276643366611777,0,14.276643366611777
0xc26Ebfb7a5Ad0C0e20EBcE1027C01828A6F8C932,0.5603998308,15.913884450910777,0,15.913884450910777
0x86543f95c92e2759Ba76F6d0FCC6230362ad7ED0,0.5603998308,864.5565293788302,0,864.5565293788302
0x10ffBe848ca562Cb961BC9E373e2035EBB67539A,0.5603998308,2.969936651729566,0,2.969936651729566
0xf1dD914B7e822ef270eD1f4B6706C710D3CC929E,0.5603998308,856.7439831004616,0,856.7439831004616
0xc304A76B744D4ECcAe0f1dF4C7E7443520e53373,0.5603998308,950.4867037377896,0,950.4867037377896
0xfc5081202D094ad46d09eF1d1663b3ae333dB98D,0.5603998308,877.6507088702849,0,877.6507088702849
0x7BEa2B1aC689C2ba8C48c5baF0AE7e6dd8A68B0B,0.5603998308,37.731972061556284,0,37.731972061556284
0xeadCe7a42F0A03A12AB599e4abE199abBe4F75eB,0.5603998308,9.282141584217964,0,9.282141584217964
0x30B70FB5576F02c11741355dAf6fD1B6fB1573FB,0.5603998308,5.114452245657386,0,5.114452245657386
0x2E59dcd5370DD1240A5cC54E6dB2707f6Da10D33,0.5603998308,9.313692994673486,0,9.313692994673486
0xCFE8a0410Bc17B061005e4f1951C675e17f594f8,0.5603998308,24.836325333870647,0,24.836325333870647
0x974bAa813dCF03Bb97b194bAdAe967183Bf3424e,0.5603998308,103.02905325171652,0,103.02905325171652
0x0bF54247852fA851C2CC6e0c3ee515D72B3FbEfB,0.5603998308,1.7359865686834486,0,1.7359865686834486
0x93C8C5E46c92D3a5001B54d01BeC369262773a1f,0.5603998308,79.19790316292816,0,79.19790316292816
0x85CD248C58190821bA68Bea3C6D47cF52A3edD5f,0.5603998308,15.174418872781146,0,15.174418872781146
0x11155309f84035556297e417B1dF70d924B0FBd9,0.5603998308,47.033510093107644,0,47.033510093107644
0x09566313171Bc7c594C5bc72d12F2423EaD38546,0.5603998308,2.723710294777145,0,2.723710294777145
0x051B7FebA2283926f4d7f6AA060D1E9e09146810,0.5603998308,229.95500900642386,0,229.95500900642386
0x5D77ccd107ED1a4FA405aB88b7733b5225CCC9FD,0.5603998308,361.83834758660925,0,361.83834758660925
0x681326cEf79a6390664bE36b37Bba34b76e152b9,0.5603998308,3.006793609588397,0,3.006793609588397
0xD4F2beA4579B27c2F037758e0dB2f2B0d8eeD36F,0.5603998308,868.8696222815795,0,868.8696222815795
0x31771D3c780d5f7EaEaf3243425eCF2Be8D14667,0.5603998308,309.59131525556523,0,309.59131525556523
0xf34EC24C8242558d14ba8BA009114F5D8F92C48A,0.5603998308,0.180378658412148,0,0.180378658412148
0xb3cAd561Bc07648DE83EBe25792BC6f91375f9f7,0.5603998308,4.404742670088,0,4.404742670088
0x83c4b908f6E78965582B68b2001b1fa86e11d692,0.5603998308,24.470785085251563,0,24.470785085251563
0xdae1d37767b844dBeA0893a69Af3aC305C8C4179,0.5603998308,0.3344230478654633,0,0.3344230478654633
0x92Af51179448313D0Cab834f1888658f069948D1,0.5603998308,59.35354023599006,0,59.35354023599006
0xE3ae7D29CA7654A0ccdcBBc9D20B6912eF98DA9a,0.5603998308,54.979013505549126,0,54.979013505549126
0x4EDa9ae2a25E738481BC0a35132721F724E73D88,0.5603998308,564.2198460189057,0,564.2198460189057
0x88643B413790052D6386EB21b6Ca3F902Ea36Bda,0.5603998308,11665.945339848304,0,11665.945339848304
0x3f5AFE475e7025700726533B48EbcAcC6ca4D11C,0.5603998308,14.376153302496276,0,14.376153302496276
0xe2eF93b094765361A23aed57d707df278161A2B0,0.5603998308,361.41537544910443,0,361.41537544910443
0x861E55d68c2bD6aEfAF199b5a94e2fa97d729F60,0.5603998308,3.3754000211060347,0,3.3754000211060347
0xF184d76b9345A646bd4e48517929950201F4d579,0.5603998308,3.9144283297504576,0,3.9144283297504576
0x33f2A7cfBC746d0CB19d0f4f83533a4D569d0704,0.5603998308,4.253952384896831,0,4.253952384896831
0x5e0237a6E8ACFF1D34269dC0c8b30501E2085504,0.5603998308,0.1337198565547526,0,0.1337198565547526
0x8562C682c84Ec4F953d2A3E0735B7e1636Ef685c,0.5603998308,517.0898000235836,0,517.0898000235836
0x6A482553e4ef226dF39d5392905cCC405823020f,0.5603998308,56.947247449919516,0,56.947247449919516
0x54B57fc02A55420A69b987361b098415c7C4C71a,0.5603998308,41.97172968821652,0,41.97172968821652
0x00f26aED862DfAFE07859660f548eA6C90448230,0.5603998308,19.74838342876704,0,19.74838342876704
0x9032dC69fBe3346FB5D8155b965530d7Bb50d7fE,0.5603998308,41.950853228738005,0,41.950853228738005
0x0760646b5C51Be02b293d6Fdd9ad52D6540cDCea,0.5603998308,2.789694633018186,0,2.789694633018186
0x44e387e14aBf1ad29edEb8382eBE244b0F0B60B9,0.5603998308,11.207996615999999,0,11.207996615999999
0x59E754117A5F755B46508B0876252Ea4672eDC0A,0.5603998308,3.720177986152816,0,3.720177986152816
0xb0de16C149D0870C4ffEa2DAEC98588082B64373,0.5603998308,1.8420342438396,0,1.8420342438396
0x83ad2F50Eff479E7AD79Fc6BFB3B7124C32C9047,0.5603998308,0.560290683654263,0,0.560290683654263
0xe3c94dAEF097fAc12Dbd1F124dABeF9a338681e2,0.5603998308,0.030971786941839417,0,0.030971786941839417
0x23acaFc34D9C382502696F035f074de0bC40ab36,0.5603998308,73.86794843163347,0,73.86794843163347
0xe7D46987b3E8Fce0b2C8D2D9Ab1F2CE204CE166d,0.5603998308,133.92607829826332,0,133.92607829826332
0x1Bac0aB8486B446788Ac15f9F23526faABa10ba5,0.5603998308,154.81279692487385,0,154.81279692487385
0x6b84c3f6fAEBC4eb1D93c8Bfc058DE3B250c2d04,0.5603998308,26.50691199684,0,26.50691199684
0x2DD558A54b8f4346D7463b81F6985B464056675D,0.5603998308,11.439643136991085,0,11.439643136991085
0xBF24EA6A32921845cb46E2E95ad8e41110eaF120,0.5603998308,100.34145019566145,0,100.34145019566145
0x570e0a5134b7c52Ad0b8C42C6aE9C8D4F2b1291d,0.5603998308,831.2892460620278,0,831.2892460620278
0xDdfB071e8376C595d516566CAe10AfC80dD71Deb,0.5603998308,81.30126656587092,0,81.30126656587092
0x49Deb134B43340DBDf898fF7c6fa4b2643e7F3af,0.5603998308,3.9075923478095285,0,3.9075923478095285
0xd197C975b29775B1253EA336Ad11c9C6Eb3A2406,0.5603998308,145.99578068286866,0,145.99578068286866
0xe82df41011fF54aDAcD6Ea247Aa450F2C9b7d8Eb,0.5603998308,167.3793977822656,0,167.3793977822656
0xB40005c1b841975dDa6FF115a3cf6547a8eD49F2,0.5603998308,936.1525304711126,0,936.1525304711126
0x591de72feD568F3b6c2c96ba5aAa58ffec5CD108,0.5603998308,1.6733150064638647,0,1.6733150064638647
0x5632B46C98d5C26806237a79D3E28fC36c24Ef98,0.5603998308,4.4831986464,0,4.4831986464
0xE01d14aC4f6968c0ae75B303d0Dddc7333F024e9,0.5603998308,9314.90313615126,0,9314.90313615126
0x730488d5FB9Bf55A52FD10797b7d549B55D708e4,0.5603998308,2.6755829142679737,0,2.6755829142679737
0xeFa6587325d84a055FB2B85165810F4f631E4BAB,0.5603998308,569.9773530615074,0,569.9773530615074
0xeaf41e85A9804c74b332FAD07f7e0cac53085345,0.5603998308,219.05473292961213,0,219.05473292961213
0xf04bD9c8F162a078afEfAA4E348A8675A4fA26ae,0.5603998308,1.1416006751624408,0,1.1416006751624408
0xE6b06cf6F3a9027abdC1DCd97a2C562856b2EF99,0.5603998308,1.8116325303815641,0,1.8116325303815641
0x9160e8b23C2085b50e2b2cdd377c01B6BF07aD98,0.5603998308,62.58375555602611,0,62.58375555602611
0xE781946C77cF56c1B249F5B736c8Da2058C72fEF,0.5603998308,280.1984564790562,0,280.1984564790562
0x7E7257eD884c00385e6CAf99E25E9486EC4eaa71,0.5603998308,298.9880022042787,0,298.9880022042787
0xc7b33B47E3f442a14283826549065800455453bd,0.5603998308,60.24541878564934,0,60.24541878564934
0xd2931f07B86850E870742f0cD460E38B6D99eeED,0.5603998308,0.7157360128339011,0,0.7157360128339011
0x69f47bb74b855Ada42237E82E65CD724764fabAa,0.5603998308,5.748993084495153,0,5.748993084495153
0xb0079838de6f47B67C6d316d8aedcDd1109Bd6e7,0.5603998308,220.5403229844941,0,220.5403229844941
0x6e445054CFcCB6FB9A5Cd459Ac88ff38d4099244,0.5603998308,5.490817559881917,0,5.490817559881917
0x655552B438D13027BD46dee323F301b37aB56c36,0.5603998308,407.29420794670443,0,407.29420794670443
0x6ab963bf11b13E49a3C6E9228E19115448bCF69A,0.5603998308,5.830926122906038,0,5.830926122906038
0xEE6619E5A1891dD84eb988fF647646d2cbC313A3,0.5603998308,9.003068978797861,0,9.003068978797861
0x7CE3E44f1c02D35e530C03fCff19De23F15Ae60C,0.5603998308,2538.4804877254132,0,2538.4804877254132
0x644de2E84b3c8324bed572B130e8938beAC349F1,0.5603998308,5.6039983079999995,0,5.6039983079999995
0x118F2dc9B197bee2cc647836eEde196ff681767f,0.5603998308,953.8286288095268,0,953.8286288095268
0xFE98Ad5f4027F369B0684CeD52578EaF151b6Fd1,0.5603998308,642.8729213192951,0,642.8729213192951
0x0662913952eFf570E6A8bdB3D56cAf31EDAE448C,0.5603998308,346.5117514937297,0,346.5117514937297
0x0b81747F504dFC906A215e301d8b8aD82E44CBd2,0.5603998308,1457.3233029419996,0,1457.3233029419996
0xeCC367BDE45Ac5119e3a7A6aA5784B74931099E5,0.5603998308,8.995182575333839,0,8.995182575333839
0x957C31c8e23A909cb412B242D8A1CE5340261cC7,0.5603998308,429.90485826905024,0,429.90485826905024
0x35C1Ef11F758a7f358A39ef9A8445af875E9463E,0.5603998308,3761.744350718479,0,3761.744350718479
0x590E0d856476886943F8d1E716F281f578Eb19cB,0.5603998308,5.6039983079999995,0,5.6039983079999995